1742
1167
1563
1558
1278
2002
732
1814
1915
1685
20
1341
1885
691
1242
1360
1306
1973
1769
2074
2023
1384
115
1762
291
2072
1193
1910
370
1637
672
173
1484
1625
1708
1919
1574
1784
1318
1358
923
151
519
1060
440
1370
676
1321
1205
295
1441
387
1739
906
876
1722
697
360
1173
1222
493
1817
1405
1287
6
641
720
1960
1598
358
925
390
1171
484
1150
419
1629
1703
1294
35
1273
1182
880
608
1905
1555
722
958
1439
1578
1038
269
1495
1618
1681
1712
1326
33
1132
1867
1102
1970
2026
1840
187
1387
128
547
1397
1224
1943
82
1579
1962
1815
878
1375
215
1562
1463
1371
2005
1884
862
1350
1986
1113
648
1823
1447
2019
579
726
879
1974
909
109
243
1902
337
1727
797
1248
1514
332
882
1878
2009
1740
371
1064
300
1745
287
1347
770
870
1741
973
402
2056
1325
1744
1262
706
130
939
1678
1696
763
853
47
474
1917
841
175
887
1839
1738
1265
572
1838
625
1845
1292
1893
1246
1568
134
1947
551
1729
670
258
968
72
217
1461
1954
422
1319
1305
1190
845
1603
73
1764
993
1765
1648
1028
963
1496
61
709
8
890
927
1705
1112
158
1856
1792
2070
1501
707
822
301
892
1146
2018
209
