1143
1827
904
682
1994
1763
741
231
530
1711
781
423
168
2085
821
330
883
1045
1196
2054
2016
929
1353
1414
1008
1869
805
942
1078
228
801
695
1883
95
44
945
532
280
917
1072
1894
1927
768
1213
249
2040
367
1791
652
1168
1985
908
307
1742
1167
1563
1558
1278
2002
1657
1502
732
1814
1915
1270
1685
20
1341
1885
428
691
1242
1360
1076
1802
1306
1973
1769
2074
418
2023
1384
482
115
1762
291
2072
1193
1910
370
1637
672
1033
173
1484
793
1327
268
1625
1004
1708
1919
1574
1784
1318
1358
923
276
1307
151
519
1060
540
440
193
1370
676
1321
1772
1205
1400
295
1441
387
1739
1636
192
776
906
1336
876
1722
697
360
1173
1222
493
1516
622
1817
1979
1832
1405
1287
1530
2021
1068
6
641
21
1449
720
1956
1960
1598
358
659
1057
69
925
390
931
1171
484
1150
419
1043
1629
1703
1294
35
1273
1052
566
1182
880
608
1905
1555
722
958
1439
1578
100
1038
269
1495
1618
1681
1712
1326
33
1132
1867
1102
155
1761
654
818
1970
2026
1840
587
1860
187
1387
128
1429
547
1397
1224
1943
82
1579
1962
328
1815
1912
878
1375
215
1562
1463
1371
2005
2082
677
767
1884
862
1350
1272
1986
1113
648
1823
1447
5
2019
366
579
726
12
879
1075
1974
909
109
977
243
1902
337
1727
797
1998
1248
253
1519
1301
1514
332
882
1878
2009
1740
371
1064
300
1745
287
1347
770
870
1741
275
1090
973
402
2056
101
41
1325
1744
933
1262
407
706
130
939
1678
1696
763
853
47
431
474
1721
568
1630
1917
841
175
887
1839
1738
1265
572
1838
1212
625
1845
1292
1893
863
1246
185
1568
134
1947
551
1729
670
258
968
72
217
1461
1954
415
422
1319
955
1305
1416
1190
845
1603
362
73
1764
1231
993
1256
1281
1765
1648
1028
963
1496
61
709
8
890
927
1705
1204
1276
1112
158
1856
1792
2070
1590
1501
707
560
822
301
892
1146
179
2018
209
333
257
1295
165
629
1200
1557
820
1127
1607
527
1472
746
1855
206
167
1649
1239
1529
434
1293
1388
866
1889
1795
621
1451
429
1752
586
1614
244
405
475
582
788
506
1259
1007
1645
571
64
1528
808
416
900
1836
216
548
325
1896
1098
346
1178
848
919
1054
123
1560
679
1191
149
1302
219
617
408
1650
1611
839
1940
1044
102
1818
1176
1669
914
413
93
274
94
308
144
52
492
687
1824
936
1128
997
262
1380
1123
376
1730
126
1189
1931
1342
1263
885
575
1789
717
1172
1508
833
536
220
976
737
1674
0
1540
145
1953
844
574
747
355
773
1221
895
34
640
686
1408
245
1016
702
1187
606
1599
1034
967
1754
578
1680
1785
65
476
486
254
1504
1796
1706
1831
1422
444
815
240
1750
2048
1095
