1657
1502
1270
428
1076
1802
418
482
1033
793
1327
268
1004
276
1307
540
193
1772
1400
1636
192
776
1336
1516
622
1979
1832
1530
2021
904
682
1763
741
530
781
168
2085
330
929
1008
1869
805
942
1078
801
695
532
1072
1894
1927
768
367
1068
21
1449
1956
659
1057
69
931
1043
1052
566
100
155
1761
654
818
587
1860
1429
328
1912
2082
677
767
1272
5
366
12
1075
977
1998
275
1090
101
41
933
407
431
1721
568
1630
1212
863
185
415
955
1416
362
1231
1256
1281
1204
1276
1590
560
179
333
1127
527
1388
1752
586
405
475
582
788
571
1528
216
548
1896
346
1054
149
617
839
1669
413
144
492
687
997
1123
126
885
575
833
145
1953
844
574
895
34
640
686
1016
606
1599
486
1831
444
